chr19	4283313	4283481	CTCF_G1E_peak_22	108	.	8.68356	15.6972	10.8999	82
chr19	6954043	6954306	CTCF_G1E_peak_88	127	.	9.59692	17.6572	12.7694	133
chr19	10526099	10526283	CTCF_G1E_peak_127	150	.	10.9854	19.9877	15.0158	96
chr19	10936217	10936390	CTCF_G1E_peak_135	75	.	7.53374	12.2167	7.58684	107
chr19	12134415	12134568	CTCF_G1E_peak_145	68	.	7.07141	11.4608	6.84786	42
chr19	12467605	12467752	CTCF_G1E_peak_147	49	.	5.40613	9.44418	4.93508	49
chr19	15869446	15869627	CTCF_G1E_peak_155	89	.	7.93784	13.6271	8.93414	100
chr19	21510218	21510389	CTCF_G1E_peak_174	48	.	4.82306	9.39629	4.89511	123
chr19	22337501	22337703	CTCF_G1E_peak_178	69	.	7.33437	11.5627	6.94812	85
chr19	24194318	24194534	CTCF_G1E_peak_186	127	.	9.8377	17.6068	12.7296	115
chr19	27693824	27693970	CTCF_G1E_peak_199	45	.	5.99593	9.07355	4.59214	32
chr19	29644878	29645024	CTCF_G1E_peak_215	68	.	7.27565	11.4649	6.85134	63
chr19	30664360	30664506	CTCF_G1E_peak_222	92	.	8.56154	13.9566	9.23612	93
chr19	31426247	31426453	CTCF_G1E_peak_224	127	.	9.59692	17.6572	12.7694	75
chr19	31811407	31811553	CTCF_G1E_peak_226	31	.	5.50385	7.581	3.1771	84
chr19	33227088	33227234	CTCF_G1E_peak_236	57	.	6.56631	10.3036	5.75143	49
chr19	34483702	34483848	CTCF_G1E_peak_240	92	.	8.56154	13.9566	9.23612	93
chr19	36111208	36111384	CTCF_G1E_peak_248	86	.	8.23069	13.3845	8.69851	106
chr19	37559738	37559901	CTCF_G1E_peak_261	42	.	5.91937	8.67181	4.20782	114
chr19	38880383	38880531	CTCF_G1E_peak_269	86	.	6.75766	13.3515	8.66631	110
chr19	40363598	40363767	CTCF_G1E_peak_275	89	.	8.19808	13.67	8.97618	80
chr19	42341327	42341473	CTCF_G1E_peak_308	16	.	4.0546	5.95533	1.65454	92
chr19	43027430	43027597	CTCF_G1E_peak_313	79	.	7.95	12.612	7.9614	62
chr19	44629800	44629962	CTCF_G1E_peak_338	103	.	8.58672	15.103	10.3321	80
chr19	44754784	44754973	CTCF_G1E_peak_339	92	.	8.56154	13.9566	9.23612	100
chr19	45064021	45064233	CTCF_G1E_peak_346	32	.	4.73036	7.64089	3.22999	88
chr19	46137257	46137464	CTCF_G1E_peak_369	77	.	7.65154	12.4113	7.77284	77
chr19	46483014	46483164	CTCF_G1E_peak_378	56	.	6.49559	10.1894	5.65112	80
chr19	56295177	56295371	CTCF_G1E_peak_428	165	.	11.1122	21.6524	16.5985	83
chr19	61110289	61110435	CTCF_G1E_peak_460	79	.	7.57651	12.6476	7.98619	70
chr1_GL456213_random	12275	12421	CTCF_G1E_peak_461	32	.	4.73036	7.64089	3.22999	62
